Training completed in 10.53 seconds.
Validation predictions completed in 0.07 seconds.

Validation Set Performance:
F1 Score (micro): 0.7903958032081245
F1 Score (macro): 0.41804371029601534

Classification Report (Validation):

              precision    recall  f1-score   support

           0       0.50      0.50      0.50         2
           1       0.67      0.29      0.40        14
           2       0.20      0.25      0.22         4
           3       1.00      0.50      0.67         8
           4       0.56      0.55      0.55      1235
           5       0.60      0.75      0.67         4
           6       0.33      0.09      0.14        11
           7       0.33      0.33      0.33         6
           8       0.90      0.45      0.60        20
           9       0.75      0.66      0.70       239
          10       0.47      0.44      0.46       104
          11       0.94      0.94      0.94      4585
          12       0.64      0.36      0.46        45
          13       0.60      0.33      0.43        18
          14       0.56      0.30      0.39        46
          15       0.33      0.25      0.29         4
          16       1.00      0.71      0.83         7
          17       0.64      0.41      0.50        22
          18       0.00      0.00      0.00         1
          19       0.00      0.00      0.00         1
          20       0.70      0.38      0.49        97
          21       0.55      0.60      0.57        10
          22       0.79      0.30      0.44        63
          23       0.58      0.35      0.44        51
          24       0.67      0.16      0.25        51
          25       0.88      0.88      0.88      4336
          26       0.39      0.47      0.42        15
          27       0.62      0.59      0.61        59
          28       0.80      0.36      0.50        77
          29       0.92      0.37      0.52        30
          30       0.63      0.28      0.39       197
          31       0.33      0.09      0.14        11
          32       0.43      0.43      0.43         7
          33       0.86      0.86      0.86         7
          34       0.61      0.57      0.59       285
          35       0.50      0.33      0.40         3
          36       0.56      0.36      0.43        28
          37       0.64      0.47      0.54        15
          38       0.82      0.63      0.71       105
          39       0.47      0.27      0.35        51
          40       0.50      0.25      0.33         4
          41       0.00      0.00      0.00         2
          42       0.58      0.41      0.48        27
          43       0.67      0.49      0.57       402
          44       0.78      0.38      0.51        82
          45       0.54      0.30      0.38        44
          46       0.29      0.40      0.33         5
          47       0.14      0.17      0.15         6
          48       0.33      1.00      0.50         1
          49       0.33      0.67      0.44         3
          50       0.00      0.00      0.00         0
          51       0.50      0.50      0.50         8
          52       0.00      0.00      0.00         4
          53       0.67      0.16      0.25        51
          54       0.86      0.36      0.51        33
          55       0.62      0.43      0.51        93
          56       1.00      0.23      0.38        13
          57       0.00      0.00      0.00         0
          58       0.50      0.21      0.29        29
          59       0.33      0.25      0.29         4
          60       0.18      0.25      0.21         8
          61       0.40      0.67      0.50         3
          62       0.00      0.00      0.00         2
          63       0.76      0.54      0.63        24
          64       0.91      0.59      0.71        17
          65       0.67      0.11      0.19        18
          66       0.00      0.00      0.00         3
          67       1.00      0.67      0.80         3
          68       0.50      0.17      0.25         6
          69       0.55      0.86      0.67         7
          70       0.60      0.50      0.55         6
          71       0.79      0.75      0.77        20
          72       0.25      1.00      0.40         2
          73       0.43      0.75      0.55         4
          74       1.00      0.21      0.35        28
          75       0.55      0.38      0.44        32
          76       0.22      1.00      0.36         2
          77       0.50      0.50      0.50         4
          78       0.00      0.00      0.00         2
          79       0.40      0.67      0.50         3
          80       0.60      0.75      0.67         4
          81       0.27      0.60      0.38         5
          82       0.38      0.25      0.30        12
          83       0.27      0.10      0.15        29
          84       0.29      0.18      0.22        11
          85       0.50      0.11      0.18        37
          86       0.73      0.73      0.73      2347
          87       0.50      0.21      0.29        29

   micro avg       0.82      0.77      0.79     15353
   macro avg       0.52      0.40      0.42     15353
weighted avg       0.81      0.77      0.78     15353
 samples avg       0.86      0.83      0.81     15353

Test predictions completed in 0.07 seconds.

Test Set Performance:
F1 Score (micro): 0.7903934525207125
F1 Score (macro): 0.4207164997624895

Classification Report (Test):

              precision    recall  f1-score   support

           0       0.33      0.33      0.33         3
           1       0.33      0.22      0.27         9
           2       0.33      0.40      0.36         5
           3       0.75      0.33      0.46         9
           4       0.58      0.56      0.57      1230
           5       0.71      0.56      0.62         9
           6       0.00      0.00      0.00        10
           7       1.00      0.38      0.56        13
           8       1.00      0.50      0.67        24
           9       0.73      0.67      0.70       232
          10       0.69      0.50      0.58       117
          11       0.95      0.93      0.94      4530
          12       0.55      0.24      0.34        45
          13       0.67      0.18      0.29        11
          14       0.76      0.30      0.43        43
          15       0.00      0.00      0.00         0
          16       1.00      0.70      0.82        10
          17       0.56      0.36      0.44        25
          18       0.33      0.33      0.33         3
          19       0.20      0.50      0.29         2
          20       0.73      0.38      0.50        80
          21       0.56      0.29      0.38        17
          22       0.83      0.28      0.42        53
          23       0.76      0.40      0.53        84
          24       0.56      0.16      0.25        31
          25       0.89      0.89      0.89      4412
          26       0.30      0.75      0.43         4
          27       0.76      0.71      0.73        58
          28       0.71      0.32      0.44        84
          29       0.85      0.46      0.59        24
          30       0.62      0.32      0.43       232
          31       0.73      0.35      0.47        23
          32       0.30      0.33      0.32         9
          33       0.75      0.38      0.50         8
          34       0.65      0.52      0.58       294
          35       0.33      0.40      0.36         5
          36       0.65      0.47      0.55        32
          37       0.73      0.47      0.57        17
          38       0.84      0.64      0.73        97
          39       0.52      0.35      0.42        66
          40       0.50      0.17      0.25         6
          41       0.25      0.67      0.36         3
          42       0.64      0.48      0.55        33
          43       0.62      0.44      0.51       377
          44       0.66      0.35      0.46        99
          45       0.57      0.40      0.47        50
          46       0.20      0.20      0.20         5
          47       0.25      0.33      0.29         3
          48       0.50      0.50      0.50         2
          49       0.00      0.00      0.00         2
          50       0.00      0.00      0.00         0
          51       0.50      0.42      0.45        12
          52       0.29      0.67      0.40         3
          53       0.56      0.16      0.25        31
          54       0.87      0.54      0.67        24
          55       0.56      0.41      0.47        98
          56       0.60      0.27      0.38        11
          57       0.00      0.00      0.00         1
          58       0.71      0.17      0.28        29
          59       0.67      0.50      0.57         4
          60       0.25      0.50      0.33         4
          61       0.00      0.00      0.00         2
          62       0.30      0.50      0.38         6
          63       0.77      0.71      0.74        14
          64       0.45      0.50      0.48        10
          65       0.60      0.23      0.33        13
          66       0.00      0.00      0.00         3
          67       0.25      0.25      0.25         4
          68       0.29      0.17      0.21        12
          69       0.30      0.60      0.40         5
          70       0.50      0.17      0.25         6
          71       0.59      0.83      0.69        12
          72       0.57      1.00      0.73         8
          73       0.40      0.29      0.33         7
          74       1.00      0.32      0.49        31
          75       0.74      0.41      0.53        34
          76       0.12      0.33      0.18         3
          77       0.67      0.40      0.50         5
          78       0.25      0.50      0.33         4
          79       0.40      0.67      0.50         3
          80       0.55      0.60      0.57        10
          81       0.33      0.75      0.46         4
          82       0.50      0.40      0.44         5
          83       0.74      0.39      0.51        51
          84       0.00      0.00      0.00        12
          85       0.83      0.14      0.24        36
          86       0.72      0.71      0.72      2343
          87       0.71      0.17      0.28        29

   micro avg       0.82      0.76      0.79     15429
   macro avg       0.53      0.40      0.42     15429
weighted avg       0.81      0.76      0.78     15429
 samples avg       0.86      0.83      0.81     15429
