Training completed in 11.24 seconds.
Validation predictions completed in 0.08 seconds.

Validation Set Performance:
F1 Score (micro): 0.7907226890756303
F1 Score (macro): 0.4190089286355017

Classification Report (Validation):

              precision    recall  f1-score   support

           0       1.00      0.50      0.67         2
           1       0.75      0.21      0.33        14
           2       0.29      0.50      0.36         4
           3       1.00      0.25      0.40         8
           4       0.56      0.55      0.55      1235
           5       0.43      0.75      0.55         4
           6       0.33      0.09      0.14        11
           7       0.33      0.33      0.33         6
           8       0.90      0.45      0.60        20
           9       0.74      0.67      0.70       239
          10       0.49      0.44      0.46       104
          11       0.95      0.94      0.94      4585
          12       0.55      0.36      0.43        45
          13       0.60      0.33      0.43        18
          14       0.59      0.35      0.44        46
          15       0.20      0.25      0.22         4
          16       0.83      0.71      0.77         7
          17       0.67      0.36      0.47        22
          18       0.00      0.00      0.00         1
          19       0.00      0.00      0.00         1
          20       0.72      0.40      0.52        97
          21       0.50      0.60      0.55        10
          22       0.75      0.29      0.41        63
          23       0.59      0.39      0.47        51
          24       0.70      0.14      0.23        51
          25       0.88      0.88      0.88      4336
          26       0.50      0.47      0.48        15
          27       0.68      0.61      0.64        59
          28       0.72      0.38      0.50        77
          29       0.83      0.33      0.48        30
          30       0.57      0.28      0.38       197
          31       0.33      0.09      0.14        11
          32       0.38      0.43      0.40         7
          33       0.78      1.00      0.88         7
          34       0.65      0.56      0.60       285
          35       1.00      0.33      0.50         3
          36       0.62      0.36      0.45        28
          37       0.70      0.47      0.56        15
          38       0.78      0.63      0.69       105
          39       0.48      0.31      0.38        51
          40       1.00      0.25      0.40         4
          41       0.00      0.00      0.00         2
          42       0.55      0.41      0.47        27
          43       0.66      0.48      0.56       402
          44       0.70      0.38      0.49        82
          45       0.61      0.32      0.42        44
          46       0.20      0.40      0.27         5
          47       0.12      0.17      0.14         6
          48       0.33      1.00      0.50         1
          49       0.33      0.67      0.44         3
          50       0.00      0.00      0.00         0
          51       0.67      0.50      0.57         8
          52       0.00      0.00      0.00         4
          53       0.70      0.14      0.23        51
          54       0.86      0.36      0.51        33
          55       0.60      0.45      0.52        93
          56       1.00      0.23      0.38        13
          57       0.00      0.00      0.00         0
          58       0.50      0.17      0.26        29
          59       0.25      0.25      0.25         4
          60       0.30      0.38      0.33         8
          61       0.40      0.67      0.50         3
          62       0.00      0.00      0.00         2
          63       0.76      0.54      0.63        24
          64       0.90      0.53      0.67        17
          65       0.67      0.11      0.19        18
          66       0.25      0.33      0.29         3
          67       0.67      0.67      0.67         3
          68       0.50      0.17      0.25         6
          69       0.60      0.86      0.71         7
          70       0.60      0.50      0.55         6
          71       0.83      0.75      0.79        20
          72       0.29      1.00      0.44         2
          73       0.50      1.00      0.67         4
          74       0.58      0.25      0.35        28
          75       0.52      0.38      0.44        32
          76       0.29      1.00      0.44         2
          77       0.50      0.25      0.33         4
          78       0.00      0.00      0.00         2
          79       0.38      1.00      0.55         3
          80       0.43      0.75      0.55         4
          81       0.33      0.40      0.36         5
          82       0.33      0.25      0.29        12
          83       0.21      0.10      0.14        29
          84       0.33      0.18      0.24        11
          85       0.40      0.11      0.17        37
          86       0.74      0.74      0.74      2347
          87       0.50      0.17      0.26        29

   micro avg       0.82      0.77      0.79     15353
   macro avg       0.53      0.41      0.42     15353
weighted avg       0.81      0.77      0.78     15353
 samples avg       0.86      0.83      0.81     15353

Test predictions completed in 0.07 seconds.

Test Set Performance:
F1 Score (micro): 0.794007993819904
F1 Score (macro): 0.4271284914876708

Classification Report (Test):

              precision    recall  f1-score   support

           0       1.00      0.33      0.50         3
           1       0.40      0.22      0.29         9
           2       0.67      0.40      0.50         5
           3       0.75      0.33      0.46         9
           4       0.59      0.56      0.57      1230
           5       0.50      0.44      0.47         9
           6       0.00      0.00      0.00        10
           7       1.00      0.38      0.56        13
           8       1.00      0.50      0.67        24
           9       0.72      0.68      0.70       232
          10       0.68      0.50      0.58       117
          11       0.95      0.93      0.94      4530
          12       0.55      0.27      0.36        45
          13       1.00      0.09      0.17        11
          14       0.70      0.33      0.44        43
          15       0.00      0.00      0.00         0
          16       0.88      0.70      0.78        10
          17       0.53      0.36      0.43        25
          18       0.25      0.33      0.29         3
          19       0.20      0.50      0.29         2
          20       0.78      0.36      0.50        80
          21       0.86      0.35      0.50        17
          22       0.82      0.26      0.40        53
          23       0.79      0.44      0.56        84
          24       0.71      0.16      0.26        31
          25       0.90      0.89      0.89      4412
          26       0.30      0.75      0.43         4
          27       0.78      0.72      0.75        58
          28       0.76      0.33      0.46        84
          29       0.92      0.46      0.61        24
          30       0.63      0.34      0.44       232
          31       0.73      0.35      0.47        23
          32       0.25      0.33      0.29         9
          33       0.60      0.38      0.46         8
          34       0.64      0.52      0.57       294
          35       0.40      0.40      0.40         5
          36       0.60      0.38      0.46        32
          37       0.77      0.59      0.67        17
          38       0.80      0.63      0.71        97
          39       0.69      0.36      0.48        66
          40       0.20      0.17      0.18         6
          41       0.29      0.67      0.40         3
          42       0.58      0.42      0.49        33
          43       0.62      0.44      0.52       377
          44       0.62      0.36      0.46        99
          45       0.59      0.38      0.46        50
          46       0.25      0.20      0.22         5
          47       0.17      0.33      0.22         3
          48       0.20      0.50      0.29         2
          49       0.00      0.00      0.00         2
          50       0.00      0.00      0.00         0
          51       0.38      0.42      0.40        12
          52       0.40      0.67      0.50         3
          53       0.71      0.16      0.26        31
          54       1.00      0.54      0.70        24
          55       0.53      0.41      0.46        98
          56       0.50      0.27      0.35        11
          57       0.00      0.00      0.00         1
          58       0.60      0.21      0.31        29
          59       0.67      0.50      0.57         4
          60       0.22      0.50      0.31         4
          61       0.00      0.00      0.00         2
          62       0.38      0.50      0.43         6
          63       0.85      0.79      0.81        14
          64       0.45      0.50      0.48        10
          65       0.50      0.23      0.32        13
          66       0.00      0.00      0.00         3
          67       0.33      0.25      0.29         4
          68       0.29      0.17      0.21        12
          69       0.33      0.60      0.43         5
          70       0.33      0.17      0.22         6
          71       0.56      0.75      0.64        12
          72       0.67      1.00      0.80         8
          73       0.57      0.57      0.57         7
          74       1.00      0.26      0.41        31
          75       0.75      0.44      0.56        34
          76       0.14      0.33      0.20         3
          77       0.33      0.20      0.25         5
          78       0.29      0.50      0.36         4
          79       0.33      0.67      0.44         3
          80       0.86      0.60      0.71        10
          81       0.60      0.75      0.67         4
          82       0.60      0.60      0.60         5
          83       0.80      0.39      0.53        51
          84       0.00      0.00      0.00        12
          85       0.83      0.14      0.24        36
          86       0.72      0.72      0.72      2343
          87       0.60      0.21      0.31        29

   micro avg       0.82      0.77      0.79     15429
   macro avg       0.54      0.40      0.43     15429
weighted avg       0.82      0.77      0.78     15429
 samples avg       0.86      0.83      0.81     15429
