Training completed in 207.60 seconds.
Validation predictions completed in 0.45 seconds.

Validation Set Performance:
F1 Score (micro): 0.8114989158564734
F1 Score (macro): 0.3802802861462429

Classification Report (Validation):

              precision    recall  f1-score   support

           0       1.00      0.50      0.67         2
           1       0.38      0.21      0.27        14
           2       0.33      0.25      0.29         4
           3       0.50      0.25      0.33         8
           4       0.84      0.44      0.57      1235
           5       0.33      0.25      0.29         4
           6       0.00      0.00      0.00        11
           7       0.33      0.17      0.22         6
           8       0.57      0.40      0.47        20
           9       0.89      0.51      0.65       239
          10       0.59      0.35      0.44       104
          11       0.95      0.94      0.95      4585
          12       0.70      0.36      0.47        45
          13       1.00      0.28      0.43        18
          14       0.77      0.22      0.34        46
          15       1.00      0.25      0.40         4
          16       0.83      0.71      0.77         7
          17       0.50      0.18      0.27        22
          18       0.00      0.00      0.00         1
          19       0.00      0.00      0.00         1
          20       0.97      0.31      0.47        97
          21       0.44      0.40      0.42        10
          22       0.89      0.27      0.41        63
          23       0.73      0.31      0.44        51
          24       0.57      0.08      0.14        51
          25       0.92      0.88      0.90      4336
          26       0.67      0.40      0.50        15
          27       0.74      0.59      0.66        59
          28       0.93      0.32      0.48        77
          29       0.90      0.30      0.45        30
          30       1.00      0.25      0.40       197
          31       0.33      0.09      0.14        11
          32       0.75      0.43      0.55         7
          33       0.67      0.57      0.62         7
          34       0.90      0.44      0.59       285
          35       0.25      0.33      0.29         3
          36       0.67      0.21      0.32        28
          37       0.75      0.40      0.52        15
          38       1.00      0.59      0.74       105
          39       0.77      0.20      0.31        51
          40       0.25      0.25      0.25         4
          41       0.00      0.00      0.00         2
          42       0.67      0.30      0.41        27
          43       1.00      0.41      0.58       402
          44       0.87      0.32      0.46        82
          45       0.77      0.23      0.35        44
          46       0.67      0.40      0.50         5
          47       1.00      0.17      0.29         6
          48       0.33      1.00      0.50         1
          49       0.00      0.00      0.00         3
          50       0.00      0.00      0.00         0
          51       0.20      0.12      0.15         8
          52       0.00      0.00      0.00         4
          53       0.57      0.08      0.14        51
          54       0.86      0.36      0.51        33
          55       0.53      0.23      0.32        93
          56       0.43      0.23      0.30        13
          57       0.00      0.00      0.00         0
          58       0.42      0.17      0.24        29
          59       0.00      0.00      0.00         4
          60       0.33      0.12      0.18         8
          61       0.67      0.67      0.67         3
          62       0.00      0.00      0.00         2
          63       0.92      0.50      0.65        24
          64       0.62      0.47      0.53        17
          65       0.33      0.11      0.17        18
          66       0.00      0.00      0.00         3
          67       0.67      0.67      0.67         3
          68       1.00      0.17      0.29         6
          69       0.67      0.57      0.62         7
          70       1.00      0.50      0.67         6
          71       1.00      0.65      0.79        20
          72       1.00      1.00      1.00         2
          73       0.75      0.75      0.75         4
          74       0.38      0.18      0.24        28
          75       0.60      0.38      0.46        32
          76       0.50      1.00      0.67         2
          77       1.00      0.25      0.40         4
          78       0.00      0.00      0.00         2
          79       0.22      0.67      0.33         3
          80       0.50      0.25      0.33         4
          81       0.50      0.20      0.29         5
          82       0.00      0.00      0.00        12
          83       0.60      0.10      0.18        29
          84       0.25      0.18      0.21        11
          85       0.67      0.11      0.19        37
          86       0.72      0.82      0.77      2347
          87       0.42      0.17      0.24        29

   micro avg       0.88      0.76      0.81     15353
   macro avg       0.57      0.32      0.38     15353
weighted avg       0.87      0.76      0.79     15353
 samples avg       0.90      0.83      0.84     15353

Test predictions completed in 0.43 seconds.

Test Set Performance:
F1 Score (micro): 0.8117454684618863
F1 Score (macro): 0.3725781110636561

Classification Report (Test):

              precision    recall  f1-score   support

           0       0.50      0.33      0.40         3
           1       0.33      0.11      0.17         9
           2       1.00      0.40      0.57         5
           3       0.60      0.33      0.43         9
           4       0.86      0.45      0.59      1230
           5       0.67      0.22      0.33         9
           6       0.00      0.00      0.00        10
           7       0.45      0.38      0.42        13
           8       0.92      0.50      0.65        24
           9       0.91      0.50      0.64       232
          10       0.83      0.38      0.53       117
          11       0.96      0.94      0.95      4530
          12       0.64      0.20      0.31        45
          13       0.25      0.09      0.13        11
          14       0.50      0.19      0.27        43
          15       0.00      0.00      0.00         0
          16       1.00      0.70      0.82        10
          17       0.69      0.36      0.47        25
          18       0.00      0.00      0.00         3
          19       0.00      0.00      0.00         2
          20       0.87      0.34      0.49        80
          21       0.27      0.18      0.21        17
          22       0.76      0.25      0.37        53
          23       0.81      0.31      0.45        84
          24       0.57      0.13      0.21        31
          25       0.93      0.89      0.91      4412
          26       0.67      0.50      0.57         4
          27       0.81      0.74      0.77        58
          28       0.93      0.32      0.48        84
          29       0.89      0.33      0.48        24
          30       0.99      0.28      0.44       232
          31       0.53      0.35      0.42        23
          32       0.75      0.33      0.46         9
          33       0.25      0.12      0.17         8
          34       0.86      0.39      0.54       294
          35       0.67      0.40      0.50         5
          36       0.80      0.25      0.38        32
          37       1.00      0.35      0.52        17
          38       1.00      0.59      0.74        97
          39       0.79      0.23      0.35        66
          40       0.50      0.17      0.25         6
          41       0.33      0.33      0.33         3
          42       0.71      0.30      0.43        33
          43       0.99      0.37      0.54       377
          44       0.94      0.30      0.46        99
          45       0.76      0.26      0.39        50
          46       0.00      0.00      0.00         5
          47       1.00      0.33      0.50         3
          48       0.00      0.00      0.00         2
          49       0.00      0.00      0.00         2
          50       0.00      0.00      0.00         0
          51       0.21      0.25      0.23        12
          52       0.00      0.00      0.00         3
          53       0.57      0.13      0.21        31
          54       0.73      0.46      0.56        24
          55       0.60      0.26      0.36        98
          56       0.30      0.27      0.29        11
          57       0.00      0.00      0.00         1
          58       0.60      0.10      0.18        29
          59       0.00      0.00      0.00         4
          60       0.50      0.50      0.50         4
          61       0.00      0.00      0.00         2
          62       1.00      0.50      0.67         6
          63       0.70      0.50      0.58        14
          64       0.42      0.50      0.45        10
          65       0.43      0.23      0.30        13
          66       0.00      0.00      0.00         3
          67       1.00      0.25      0.40         4
          68       0.67      0.17      0.27        12
          69       1.00      0.60      0.75         5
          70       0.50      0.17      0.25         6
          71       1.00      0.83      0.91        12
          72       0.75      0.38      0.50         8
          73       0.40      0.29      0.33         7
          74       0.50      0.23      0.31        31
          75       0.65      0.38      0.48        34
          76       0.33      0.33      0.33         3
          77       0.29      0.40      0.33         5
          78       0.33      0.25      0.29         4
          79       0.29      0.67      0.40         3
          80       1.00      0.50      0.67        10
          81       0.25      0.50      0.33         4
          82       0.33      0.20      0.25         5
          83       0.80      0.39      0.53        51
          84       0.00      0.00      0.00        12
          85       0.43      0.08      0.14        36
          86       0.71      0.83      0.77      2343
          87       0.60      0.10      0.18        29

   micro avg       0.88      0.76      0.81     15429
   macro avg       0.56      0.30      0.37     15429
weighted avg       0.87      0.76      0.79     15429
 samples avg       0.90      0.83      0.84     15429

