Top-level training completed in 9.10 seconds.

Top-Level Validation Micro F1: 0.9157046600386374, Macro F1: 0.46248878940351673

Top-Level Validation Classification Report:
              precision    recall  f1-score   support

           0       1.00      0.50      0.67         2
           1       1.00      0.18      0.31        22
           2       0.99      1.00      1.00      7726
           3       1.00      0.17      0.29         6
           4       1.00      0.38      0.55       546
           5       1.00      0.40      0.57         5
           6       1.00      0.19      0.32       215
           7       1.00      0.00      0.00         4
           8       1.00      0.36      0.53        84
           9       1.00      0.42      0.59        79
          10       1.00      0.29      0.44        14
          11       1.00      0.00      0.00        12
          12       0.81      0.70      0.76      2368

   micro avg       0.96      0.88      0.92     11083
   macro avg       0.99      0.35      0.46     11083
weighted avg       0.96      0.88      0.90     11083
 samples avg       0.97      0.92      0.93     11083

Top-Level Test Micro F1: 0.9112952877101587, Macro F1: 0.44118986529337645

Top-Level Test Classification Report:
              precision    recall  f1-score   support

           0       1.00      0.33      0.50         3
           1       1.00      0.29      0.44        21
           2       0.99      1.00      1.00      7722
           3       1.00      0.12      0.22         8
           4       1.00      0.34      0.51       546
           5       1.00      0.00      0.00         5
           6       0.98      0.20      0.34       200
           7       1.00      0.00      0.00         4
           8       1.00      0.33      0.49        70
           9       1.00      0.36      0.53        85
          10       1.00      0.45      0.62        22
          11       1.00      0.20      0.33         5
          12       0.80      0.68      0.73      2362

   micro avg       0.96      0.87      0.91     11053
   macro avg       0.98      0.33      0.44     11053
weighted avg       0.95      0.87      0.89     11053
 samples avg       0.97      0.92      0.93     11053


Validation Micro F1: 0.8182313419284547, Macro F1: 0.45671774004063664

Validation Sub-Level Classification Report:
              precision    recall  f1-score   support

           0       0.95      0.37      0.54      1235
           1       1.00      0.11      0.21        35
           2       1.00      0.25      0.40         4
           3       1.00      0.26      0.41        27
           4       1.00      1.00      1.00         1
           5       1.00      0.60      0.75        20
           6       1.00      0.09      0.17        11
           7       1.00      0.00      0.00         4
           8       1.00      0.17      0.29         6
           9       1.00      0.35      0.52        20
          10       1.00      0.45      0.62       239
          11       1.00      0.21      0.35        14
          12       1.00      0.25      0.40         4
          13       0.97      0.28      0.43       104
          14       0.95      0.95      0.95      4585
          15       1.00      0.31      0.47        45
          16       1.00      0.28      0.43        18
          17       1.00      0.20      0.33        46
          18       1.00      1.00      1.00         0
          19       1.00      0.25      0.40         4
          20       1.00      0.71      0.83         7
          21       1.00      0.17      0.29        30
          22       1.00      0.00      0.00         2
          23       1.00      0.25      0.40         4
          24       1.00      0.00      0.00         1
          25       1.00      0.00      0.00         4
          26       1.00      0.00      0.00         1
          27       1.00      0.50      0.67         4
          28       1.00      0.29      0.45        97
          29       1.00      0.40      0.57        10
          30       1.00      0.27      0.42        63
          31       1.00      0.50      0.67         2
          32       1.00      0.25      0.41        51
          33       1.00      0.08      0.15        51
          34       1.00      0.41      0.58       402
          35       0.94      0.88      0.91      4336
          36       1.00      0.33      0.50        15
          37       1.00      0.27      0.43        59
          38       1.00      0.08      0.15        37
          39       0.77      0.77      0.77      2347
          40       1.00      0.31      0.48        77
          41       1.00      0.75      0.86         4
          42       1.00      0.34      0.51        35
          43       1.00      0.18      0.30        28
          44       1.00      0.25      0.40       197
          45       1.00      0.09      0.17        11
          46       1.00      0.16      0.28        93
          47       1.00      0.43      0.60         7
          48       1.00      0.57      0.73         7
          49       1.00      0.67      0.80         3
          50       1.00      0.23      0.38        13
          51       1.00      0.38      0.55        32
          52       1.00      0.33      0.49       285
          53       1.00      0.33      0.50         3
          54       1.00      0.21      0.35        28
          55       1.00      0.40      0.57        15
          56       1.00      0.55      0.71       105
          57       1.00      0.30      0.47        82
          58       1.00      0.15      0.26        33
          59       1.00      0.20      0.33        51
          60       1.00      0.14      0.24        29
          61       1.00      1.00      1.00         2
          62       1.00      0.40      0.57         5
          63       1.00      0.12      0.22         8
          64       1.00      0.67      0.80         3
          65       1.00      0.00      0.00         2
          66       1.00      0.46      0.63        24
          67       1.00      0.47      0.64        17
          68       1.00      0.11      0.20        18
          69       1.00      0.21      0.35        14
          70       1.00      0.00      0.00         3
          71       1.00      0.67      0.80         3
          72       1.00      0.17      0.29         6
          73       1.00      0.25      0.40         4
          74       1.00      0.57      0.73         7
          75       1.00      0.50      0.67         6
          76       1.00      0.25      0.40         8
          77       1.00      0.06      0.11        17

   micro avg       0.92      0.74      0.82     15230
   macro avg       0.99      0.34      0.46     15230
weighted avg       0.93      0.74      0.79     15230
 samples avg       0.92      0.81      0.84     15230


Test Micro F1: 0.8154018745702601, Macro F1: 0.444531460909363

Test Sub-Level Classification Report:
              precision    recall  f1-score   support

           0       0.96      0.38      0.54      1230
           1       1.00      0.39      0.56        54
           2       1.00      0.22      0.36         9
           3       1.00      0.30      0.47        33
           4       1.00      0.00      0.00         2
           5       1.00      0.75      0.86        12
           6       1.00      0.00      0.00        10
           7       1.00      0.00      0.00         4
           8       1.00      0.38      0.56        13
           9       1.00      0.50      0.67        24
          10       1.00      0.46      0.63       232
          11       1.00      0.00      0.00        14
          12       1.00      0.20      0.33         5
          13       1.00      0.20      0.33       117
          14       0.96      0.94      0.95      4530
          15       1.00      0.18      0.30        45
          16       1.00      0.00      0.00        11
          17       1.00      0.16      0.28        43
          18       1.00      1.00      1.00         0
          19       1.00      1.00      1.00         0
          20       1.00      0.60      0.75        10
          21       0.92      0.32      0.48        37
          22       1.00      0.25      0.40         4
          23       1.00      0.17      0.29         6
          24       1.00      0.00      0.00         3
          25       1.00      0.67      0.80         3
          26       1.00      0.00      0.00         2
          27       1.00      0.36      0.53        11
          28       1.00      0.28      0.43        80
          29       1.00      0.18      0.30        17
          30       1.00      0.26      0.42        53
          31       1.00      0.33      0.50         3
          32       1.00      0.29      0.44        84
          33       1.00      0.13      0.23        31
          34       1.00      0.37      0.54       377
          35       0.94      0.88      0.91      4412
          36       1.00      0.50      0.67         4
          37       1.00      0.41      0.59        58
          38       1.00      0.11      0.20        36
          39       0.75      0.76      0.75      2343
          40       1.00      0.30      0.46        84
          41       1.00      0.29      0.44         7
          42       1.00      0.38      0.56        26
          43       1.00      0.23      0.37        31
          44       1.00      0.27      0.43       232
          45       1.00      0.35      0.52        23
          46       1.00      0.19      0.32        98
          47       1.00      0.33      0.50         9
          48       1.00      0.12      0.22         8
          49       1.00      0.67      0.80         3
          50       1.00      0.27      0.43        11
          51       1.00      0.38      0.55        34
          52       1.00      0.31      0.47       294
          53       1.00      0.40      0.57         5
          54       1.00      0.25      0.40        32
          55       1.00      0.24      0.38        17
          56       1.00      0.57      0.72        97
          57       1.00      0.29      0.45       100
          58       1.00      0.21      0.34        39
          59       1.00      0.23      0.37        66
          60       1.00      0.10      0.19        29
          61       1.00      0.33      0.50         3
          62       1.00      0.50      0.67         4
          63       1.00      0.25      0.40         4
          64       1.00      0.00      0.00         2
          65       1.00      0.50      0.67         6
          66       1.00      0.50      0.67        14
          67       1.00      0.50      0.67        10
          68       1.00      0.23      0.38        13
          69       1.00      0.11      0.20         9
          70       1.00      0.00      0.00         3
          71       1.00      0.25      0.40         4
          72       1.00      0.17      0.29        12
          73       1.00      0.40      0.57         5
          74       1.00      0.60      0.75         5
          75       1.00      0.17      0.29         6
          76       1.00      0.33      0.50         9
          77       1.00      0.10      0.18        10

   micro avg       0.92      0.74      0.82     15326
   macro avg       0.99      0.32      0.44     15326
weighted avg       0.93      0.74      0.79     15326
 samples avg       0.93      0.81      0.84     15326
