Training completed in 1.71 seconds.
Validation predictions completed in 291.70 seconds.

Validation Set Performance:
F1 Score (micro): 0.48652011613438406
F1 Score (macro): 0.05547073236032092

Classification Report (Validation):

              precision    recall  f1-score   support

           0       0.00      0.00      0.00         2
           1       0.00      0.00      0.00        14
           2       1.00      0.25      0.40         4
           3       1.00      0.12      0.22         8
           4       0.67      0.06      0.12      1235
           5       0.00      0.00      0.00         4
           6       0.00      0.00      0.00        11
           7       0.00      0.00      0.00         6
           8       0.00      0.00      0.00        20
           9       0.87      0.05      0.10       239
          10       0.25      0.01      0.02       104
          11       0.95      0.28      0.43      4585
          12       0.00      0.00      0.00        45
          13       0.00      0.00      0.00        18
          14       0.00      0.00      0.00        46
          15       0.00      0.00      0.00         4
          16       0.00      0.00      0.00         7
          17       0.00      0.00      0.00        22
          18       0.00      0.00      0.00         1
          19       0.00      0.00      0.00         1
          20       1.00      0.01      0.02        97
          21       1.00      0.10      0.18        10
          22       0.00      0.00      0.00        63
          23       0.00      0.00      0.00        51
          24       0.00      0.00      0.00        51
          25       0.61      0.98      0.75      4336
          26       0.86      0.40      0.55        15
          27       1.00      0.02      0.03        59
          28       0.50      0.01      0.03        77
          29       0.00      0.00      0.00        30
          30       0.33      0.01      0.01       197
          31       0.00      0.00      0.00        11
          32       0.00      0.00      0.00         7
          33       0.00      0.00      0.00         7
          34       1.00      0.02      0.05       285
          35       0.00      0.00      0.00         3
          36       0.00      0.00      0.00        28
          37       0.00      0.00      0.00        15
          38       1.00      0.02      0.04       105
          39       0.50      0.02      0.04        51
          40       0.00      0.00      0.00         4
          41       0.00      0.00      0.00         2
          42       0.00      0.00      0.00        27
          43       0.60      0.01      0.01       402
          44       1.00      0.02      0.05        82
          45       0.50      0.02      0.04        44
          46       0.00      0.00      0.00         5
          47       0.00      0.00      0.00         6
          48       1.00      1.00      1.00         1
          49       0.00      0.00      0.00         3
          50       0.00      0.00      0.00         0
          51       0.00      0.00      0.00         8
          52       0.00      0.00      0.00         4
          53       0.00      0.00      0.00        51
          54       0.00      0.00      0.00        33
          55       0.22      0.02      0.04        93
          56       0.00      0.00      0.00        13
          57       0.00      0.00      0.00         0
          58       0.00      0.00      0.00        29
          59       0.00      0.00      0.00         4
          60       0.00      0.00      0.00         8
          61       0.00      0.00      0.00         3
          62       0.00      0.00      0.00         2
          63       1.00      0.08      0.15        24
          64       1.00      0.06      0.11        17
          65       0.00      0.00      0.00        18
          66       0.00      0.00      0.00         3
          67       0.00      0.00      0.00         3
          68       0.00      0.00      0.00         6
          69       0.00      0.00      0.00         7
          70       0.00      0.00      0.00         6
          71       1.00      0.15      0.26        20
          72       0.00      0.00      0.00         2
          73       0.00      0.00      0.00         4
          74       0.00      0.00      0.00        28
          75       1.00      0.03      0.06        32
          76       0.00      0.00      0.00         2
          77       0.00      0.00      0.00         4
          78       0.00      0.00      0.00         2
          79       0.00      0.00      0.00         3
          80       0.00      0.00      0.00         4
          81       0.00      0.00      0.00         5
          82       0.00      0.00      0.00        12
          83       0.00      0.00      0.00        29
          84       0.00      0.00      0.00        11
          85       0.00      0.00      0.00        37
          86       0.81      0.09      0.17      2347
          87       0.00      0.00      0.00        29

   micro avg       0.67      0.38      0.49     15353
   macro avg       0.23      0.04      0.06     15353
weighted avg       0.73      0.38      0.38     15353
 samples avg       0.66      0.39      0.46     15353

Test predictions completed in 298.39 seconds.

Test Set Performance:
F1 Score (micro): 0.4892540038171106
F1 Score (macro): 0.040560972422835205

Classification Report (Test):

              precision    recall  f1-score   support

           0       0.00      0.00      0.00         3
           1       0.00      0.00      0.00         9
           2       1.00      0.20      0.33         5
           3       0.00      0.00      0.00         9
           4       0.66      0.06      0.11      1230
           5       0.00      0.00      0.00         9
           6       0.00      0.00      0.00        10
           7       0.00      0.00      0.00        13
           8       1.00      0.08      0.15        24
           9       1.00      0.06      0.12       232
          10       0.50      0.01      0.02       117
          11       0.95      0.28      0.43      4530
          12       0.00      0.00      0.00        45
          13       0.00      0.00      0.00        11
          14       1.00      0.02      0.05        43
          15       0.00      0.00      0.00         0
          16       0.00      0.00      0.00        10
          17       0.67      0.08      0.14        25
          18       0.00      0.00      0.00         3
          19       0.00      0.00      0.00         2
          20       0.00      0.00      0.00        80
          21       0.00      0.00      0.00        17
          22       0.50      0.02      0.04        53
          23       1.00      0.04      0.07        84
          24       0.00      0.00      0.00        31
          25       0.62      0.98      0.76      4412
          26       0.00      0.00      0.00         4
          27       1.00      0.07      0.13        58
          28       0.00      0.00      0.00        84
          29       1.00      0.04      0.08        24
          30       1.00      0.00      0.01       232
          31       1.00      0.04      0.08        23
          32       0.00      0.00      0.00         9
          33       0.00      0.00      0.00         8
          34       1.00      0.02      0.04       294
          35       0.00      0.00      0.00         5
          36       1.00      0.03      0.06        32
          37       0.00      0.00      0.00        17
          38       0.78      0.07      0.13        97
          39       1.00      0.03      0.06        66
          40       0.00      0.00      0.00         6
          41       0.00      0.00      0.00         3
          42       1.00      0.03      0.06        33
          43       1.00      0.04      0.07       377
          44       1.00      0.01      0.02        99
          45       1.00      0.04      0.08        50
          46       0.00      0.00      0.00         5
          47       0.00      0.00      0.00         3
          48       0.00      0.00      0.00         2
          49       0.00      0.00      0.00         2
          50       0.00      0.00      0.00         0
          51       0.00      0.00      0.00        12
          52       0.00      0.00      0.00         3
          53       0.00      0.00      0.00        31
          54       1.00      0.08      0.15        24
          55       0.20      0.01      0.02        98
          56       0.00      0.00      0.00        11
          57       0.00      0.00      0.00         1
          58       0.00      0.00      0.00        29
          59       0.00      0.00      0.00         4
          60       0.00      0.00      0.00         4
          61       0.00      0.00      0.00         2
          62       0.00      0.00      0.00         6
          63       0.00      0.00      0.00        14
          64       0.00      0.00      0.00        10
          65       0.00      0.00      0.00        13
          66       0.00      0.00      0.00         3
          67       0.00      0.00      0.00         4
          68       0.00      0.00      0.00        12
          69       0.00      0.00      0.00         5
          70       0.00      0.00      0.00         6
          71       0.00      0.00      0.00        12
          72       1.00      0.12      0.22         8
          73       0.00      0.00      0.00         7
          74       0.00      0.00      0.00        31
          75       0.00      0.00      0.00        34
          76       0.00      0.00      0.00         3
          77       0.00      0.00      0.00         5
          78       0.00      0.00      0.00         4
          79       0.00      0.00      0.00         3
          80       0.00      0.00      0.00        10
          81       0.00      0.00      0.00         4
          82       0.00      0.00      0.00         5
          83       0.00      0.00      0.00        51
          84       0.00      0.00      0.00        12
          85       0.00      0.00      0.00        36
          86       0.81      0.08      0.14      2343
          87       0.00      0.00      0.00        29

   micro avg       0.68      0.38      0.49     15429
   macro avg       0.27      0.03      0.04     15429
weighted avg       0.76      0.38      0.38     15429
 samples avg       0.66      0.39      0.47     15429

